[publickey.jpg]
filters=MuseumMatte=1,25.000000,40.000000,001a0e03,00f0eae4;
moddate=20b43b99afaad201
width=282
height=179
textactive=0
